[gd_scene load_steps=2 format=3 uid="uid://cl1un5uhfct2s"]

[ext_resource type="AnimationLibrary" uid="uid://dbpg12tfmu5oc" path="res://snake temp/Batch1.res" id="1_fx17u"]

[node name="ScnAnimationsBatch1" type="Node2D"]

[node name="ANIM_spider_withCTRLS" type="Node3D" parent="."]

[node name="ARM_spider" type="Node3D" parent="ANIM_spider_withCTRLS"]

[node name="Skeleton3D" type="Skeleton3D" parent="ANIM_spider_withCTRLS/ARM_spider"]
bones/0/name = "ROOT"
bones/0/parent = -1
bones/0/rest = Transform3D(1, 0, 0, 0, 1, 0, 0, 0, 1, 0, 0, 0)
bones/0/enabled = true
bones/0/position = Vector3(0, 0, 0)
bones/0/rotation = Quaternion(0, 0, 0, 1)
bones/0/scale = Vector3(1, 1, 1)
bones/1/name = "DEF_cephalothorax"
bones/1/parent = 0
bones/1/rest = Transform3D(1, -2.84217e-14, 4.7684e-07, 4.75656e-07, 0.0704389, -0.997516, -3.35881e-08, 0.997516, 0.0704389, 0, 0.103086, -0.0391675)
bones/1/enabled = true
bones/1/position = Vector3(5.77316e-15, 0.10873, -0.0391675)
bones/1/rotation = Quaternion(0.681748, 1.74425e-07, 1.62542e-07, 0.731587)
bones/1/scale = Vector3(1, 1, 1)
bones/2/name = "DEF_coxa_1_r"
bones/2/parent = 1
bones/2/rest = Transform3D(0.355825, 0.85165, 0.384811, 0.92982, -0.364005, -0.0541792, 0.0939315, 0.377084, -0.921404, 0.0609646, -0.0119904, 0.0471187)
bones/2/enabled = true
bones/2/position = Vector3(0.0609646, -0.0119904, 0.0471187)
bones/2/rotation = Quaternion(0.907718, 0.365856, -0.0168467, 0.204728)
bones/2/scale = Vector3(1, 1, 1)
bones/3/name = "DEF_femur_1_r"
bones/3/parent = 2
bones/3/rest = Transform3D(-0.721745, -0.107983, 0.683685, 0.64819, 0.240994, 0.722337, -0.242764, 0.964501, -0.103943, 3.84171e-09, 0.0934361, -9.31323e-10)
bones/3/enabled = true
bones/3/position = Vector3(3.84171e-09, 0.0934361, -9.31323e-10)
bones/3/rotation = Quaternion(0.185604, 0.724227, 0.579224, 0.324878)
bones/3/scale = Vector3(1, 1, 1)
bones/4/name = "DEF_tibia_1_r"
bones/4/parent = 3
bones/4/rest = Transform3D(-0.598203, 0.663356, 0.449569, 0.346758, -0.291493, 0.89151, 0.722435, 0.689196, -0.0556523, 1.49012e-08, 0.196825, 1.49012e-08)
bones/4/enabled = true
bones/4/position = Vector3(1.49012e-08, 0.196825, 1.49012e-08)
bones/4/rotation = Quaternion(0.424141, 0.603858, 0.663987, -0.120755)
bones/4/scale = Vector3(1, 1, 1)
bones/5/name = "DEF_coxa_2_r"
bones/5/parent = 1
bones/5/rest = Transform3D(0.336536, 0.911336, 0.237085, 0.764899, -0.117705, -0.633305, -0.549248, 0.394476, -0.736692, 0.0710135, 0.0103184, 0.0486941)
bones/5/enabled = true
bones/5/position = Vector3(0.0710135, 0.0103184, 0.0486941)
bones/5/rotation = Quaternion(0.764914, 0.523562, -0.125821, 0.353495)
bones/5/scale = Vector3(1, 1, 1)
bones/6/name = "DEF_femur_2_r"
bones/6/parent = 5
bones/6/rest = Transform3D(0.652474, 0.576728, -0.491592, -0.710854, 0.240994, -0.660763, -0.26261, 0.780581, 0.567212, 2.79397e-09, 0.0934361, -5.58794e-09)
bones/6/enabled = true
bones/6/position = Vector3(2.79397e-09, 0.0934361, -5.58794e-09)
bones/6/rotation = Quaternion(0.452016, -0.0739418, -0.403967, 0.791849)
bones/6/scale = Vector3(1, 1, 1)
bones/7/name = "DEF_tibia_2_r"
bones/7/parent = 6
bones/7/rest = Transform3D(0.417114, -0.722961, -0.550766, 0.538603, -0.291493, 0.79053, -0.732067, -0.626386, 0.267803, 3.72529e-09, 0.196825, 1.11759e-08)
bones/7/enabled = true
bones/7/position = Vector3(3.72529e-09, 0.196825, 1.11759e-08)
bones/7/rotation = Quaternion(-0.585516, 0.0798912, 0.521087, 0.615838)
bones/7/scale = Vector3(1, 1, 1)
bones/8/name = "DEF_coxa_3_r"
bones/8/parent = 1
bones/8/rest = Transform3D(0.155637, 0.896121, 0.415626, 0.760626, 0.159737, -0.629232, -0.630259, 0.414068, -0.656751, 0.0685212, 0.0289486, 0.0500096)
bones/8/enabled = true
bones/8/position = Vector3(0.0685212, 0.0289486, 0.0500096)
bones/8/rotation = Quaternion(0.619268, 0.665242, -0.0542531, 0.413542)
bones/8/scale = Vector3(1, 1, 1)
bones/9/name = "DEF_femur_3_r"
bones/9/parent = 8
bones/9/rest = Transform3D(0.697278, 0.668564, -0.258505, -0.532004, 0.240995, -0.811722, -0.48039, 0.703522, 0.523719, -4.65661e-10, 0.0934361, 1.86265e-09)
bones/9/enabled = true
bones/9/position = Vector3(-4.65661e-10, 0.0934361, 1.86265e-09)
bones/9/rotation = Quaternion(0.468512, 0.0714849, -0.371506, 0.798354)
bones/9/scale = Vector3(1, 1, 1)
bones/10/name = "DEF_tarsus_3_r"
bones/10/parent = 9
bones/10/rest = Transform3D(0.414206, -0.551989, -0.7237, 0.717293, -0.291493, 0.632869, -0.56029, -0.781243, 0.275199, 1.86265e-09, 0.196825, 2.79397e-09)
bones/10/enabled = true
bones/10/position = Vector3(1.86265e-09, 0.196825, 2.79397e-09)
bones/10/rotation = Quaternion(-0.570871, -0.074946, 0.511981, 0.637468)
bones/10/scale = Vector3(1, 1, 1)
bones/11/name = "DEF_coxa_4_r"
bones/11/parent = 1
bones/11/rest = Transform3D(0.0161188, 0.806619, 0.590851, 0.714424, 0.404133, -0.571205, -0.699528, 0.431325, -0.569754, 0.0647476, 0.0516831, 0.051615)
bones/11/enabled = true
bones/11/position = Vector3(0.0647476, 0.0516831, 0.051615)
bones/11/rotation = Quaternion(0.424, 0.776696, 0.0458336, 0.463537)
bones/11/scale = Vector3(1, 1, 1)
bones/12/name = "DEF_femur_4_r"
bones/12/parent = 11
bones/12/rest = Transform3D(0.665088, 0.745183, -0.0485714, -0.336498, 0.240995, -0.910324, -0.666653, 0.62179, 0.411036, 5.82077e-09, 0.0934361, -5.58794e-09)
bones/12/enabled = true
bones/12/position = Vector3(5.82077e-09, 0.0934361, -5.58794e-09)
bones/12/rotation = Quaternion(0.469822, 0.209812, -0.332267, 0.790471)
bones/12/scale = Vector3(1, 1, 1)
bones/13/name = "DEF_tibia_4_r"
bones/13/parent = 12
bones/13/rest = Transform3D(0.33733, -0.362807, -0.868665, 0.844318, -0.291493, 0.449621, -0.416335, -0.8851, 0.207995, 0, 0.196825, 0)
bones/13/enabled = true
bones/13/position = Vector3(0, 0.196825, 0)
bones/13/rotation = Quaternion(-0.534303, -0.236427, 0.482322, 0.652678)
bones/13/scale = Vector3(1, 1, 1)
bones/14/name = "DEF_pedipalp_1_r"
bones/14/parent = 1
bones/14/rest = Transform3D(0.966345, -0.188577, 0.174976, -0.257021, -0.736463, 0.62575, 0.0108616, -0.649663, -0.760145, 0.0672003, -0.019133, 0.020345)
bones/14/enabled = true
bones/14/position = Vector3(0.0672003, -0.019133, 0.020345)
bones/14/rotation = Quaternion(0.93045, -0.119726, 0.0499322, -0.342687)
bones/14/scale = Vector3(1, 1, 1)
bones/15/name = "DEF_pedipalp_2_r"
bones/15/parent = 14
bones/15/rest = Transform3D(0.962475, -0.193065, -0.190705, 0.217498, 0.128549, 0.967559, -0.162287, -0.972729, 0.165716, 1.62981e-09, 0.052924, 4.65661e-09)
bones/15/enabled = true
bones/15/position = Vector3(1.62981e-09, 0.052924, 4.65661e-09)
bones/15/rotation = Quaternion(-0.645796, -0.00945836, 0.13665, 0.751122)
bones/15/scale = Vector3(1, 1, 1)
bones/16/name = "DEF_chelicera_r"
bones/16/parent = 1
bones/16/rest = Transform3D(0.877704, -0.382116, -0.289178, -0.478631, -0.669545, -0.567998, 0.0234232, 0.636944, -0.770554, 0.0382576, -0.0594763, -0.0158481)
bones/16/enabled = true
bones/16/position = Vector3(0.0382576, -0.0594763, -0.0158481)
bones/16/rotation = Quaternion(0.910742, -0.236276, -0.0729501, 0.330758)
bones/16/scale = Vector3(1, 1, 1)
bones/17/name = "CTRL_pedipalp_IK_r"
bones/17/parent = 1
bones/17/rest = Transform3D(0.936517, 0.133449, -0.324232, 0.315114, -0.725847, 0.611432, -0.153748, -0.674787, -0.72182, 0.0405863, -0.0866494, 0.0145052)
bones/17/enabled = true
bones/17/position = Vector3(0.0405863, -0.0866494, 0.0145052)
bones/17/rotation = Quaternion(0.919808, 0.121917, -0.129913, -0.349589)
bones/17/scale = Vector3(1, 1, 1)
bones/18/name = "DEF_pedipalp_3_r"
bones/18/parent = 17
bones/18/rest = Transform3D(0.633552, -0.595756, -0.493646, 0.488004, -0.187409, 0.852485, -0.600387, -0.780995, 0.171997, -5.58794e-09, 4.65661e-10, 4.65661e-09)
bones/18/enabled = true
bones/18/position = Vector3(-5.58794e-09, 4.65661e-10, 4.65661e-09)
bones/18/rotation = Quaternion(-0.64206, 0.0419557, 0.425986, 0.636031)
bones/18/scale = Vector3(1, 1, 1)
bones/19/name = "DEF_coxa_1_l"
bones/19/parent = 1
bones/19/rest = Transform3D(0.355825, -0.851651, -0.384811, -0.92982, -0.364005, -0.0541793, -0.093931, 0.377083, -0.921404, -0.0609647, -0.0119904, 0.0471187)
bones/19/enabled = true
bones/19/position = Vector3(-0.0609647, -0.0119904, 0.0471187)
bones/19/rotation = Quaternion(0.917394, -0.347176, -0.0150761, 0.193983)
bones/19/scale = Vector3(1, 1, 1)
bones/20/name = "DEF_femur_1_l"
bones/20/parent = 19
bones/20/rest = Transform3D(-0.721744, 0.107983, -0.683685, -0.64819, 0.240994, 0.722337, 0.242764, 0.9645, -0.103943, 2.15368e-09, 0.0934361, 9.31323e-10)
bones/20/enabled = true
bones/20/position = Vector3(2.15368e-09, 0.0934361, 9.31323e-10)
bones/20/rotation = Quaternion(-0.187519, 0.719678, 0.585487, -0.322652)
bones/20/scale = Vector3(1, 1, 1)
bones/21/name = "DEF_tibia_1_l"
bones/21/parent = 20
bones/21/rest = Transform3D(-0.598203, -0.663356, -0.449569, -0.346758, -0.291493, 0.89151, -0.722435, 0.689196, -0.0556524, 1.86265e-08, 0.196825, 0)
bones/21/enabled = true
bones/21/position = Vector3(1.86265e-08, 0.196825, 0)
bones/21/rotation = Quaternion(-0.431339, 0.58691, 0.675035, 0.11752)
bones/21/scale = Vector3(1, 1, 1)
bones/22/name = "DEF_coxa_2_l"
bones/22/parent = 1
bones/22/rest = Transform3D(0.336536, -0.911337, -0.237084, -0.764899, -0.117705, -0.633305, 0.549248, 0.394475, -0.736692, -0.0710135, 0.0103184, 0.048694)
bones/22/enabled = true
bones/22/position = Vector3(-0.0710135, 0.0103184, 0.048694)
bones/22/rotation = Quaternion(0.761576, -0.484627, 0.200865, 0.380517)
bones/22/scale = Vector3(1, 1, 1)
bones/23/name = "DEF_femur_2_l"
bones/23/parent = 22
bones/23/rest = Transform3D(0.652474, -0.576728, 0.491591, 0.710854, 0.240995, -0.660763, 0.26261, 0.78058, 0.567213, 8.3819e-09, 0.0934361, -1.02445e-08)
bones/23/enabled = true
bones/23/position = Vector3(8.3819e-09, 0.0934361, -1.02445e-08)
bones/23/rotation = Quaternion(0.441281, 0.0752852, 0.394602, 0.802429)
bones/23/scale = Vector3(1, 1, 1)
bones/24/name = "DEF_tibia_2_l"
bones/24/parent = 23
bones/24/rest = Transform3D(0.417114, 0.722961, 0.550766, -0.538603, -0.291493, 0.79053, 0.732067, -0.626386, 0.267804, 1.11759e-08, 0.196825, -7.45058e-09)
bones/24/enabled = true
bones/24/position = Vector3(1.11759e-08, 0.196825, -7.45058e-09)
bones/24/rotation = Quaternion(-0.563784, -0.0841244, -0.501418, 0.650884)
bones/24/scale = Vector3(1, 1, 1)
bones/25/name = "DEF_coxa_3_l"
bones/25/parent = 1
bones/25/rest = Transform3D(0.155636, -0.896121, -0.415625, -0.760626, 0.159737, -0.629232, 0.630258, 0.414067, -0.656752, -0.0685213, 0.0289486, 0.0500096)
bones/25/enabled = true
bones/25/position = Vector3(-0.0685213, 0.0289486, 0.0500096)
bones/25/rotation = Quaternion(-0.581667, 0.710686, -0.0145375, -0.395447)
bones/25/scale = Vector3(1, 1, 1)
bones/26/name = "DEF_femur_3_l"
bones/26/parent = 25
bones/26/rest = Transform3D(0.697278, -0.668564, 0.258505, 0.532004, 0.240994, -0.811723, 0.48039, 0.703523, 0.523719, 0, 0.0934361, -3.25963e-09)
bones/26/enabled = true
bones/26/position = Vector3(0, 0.0934361, -3.25963e-09)
bones/26/rotation = Quaternion(0.468124, -0.0715054, 0.371205, 0.79872)
bones/26/scale = Vector3(1, 1, 1)
bones/27/name = "DEF_tarsus_3_l"
bones/27/parent = 26
bones/27/rest = Transform3D(0.414205, 0.551988, 0.723701, -0.717293, -0.291494, 0.632869, 0.56029, -0.781243, 0.275199, -2.79397e-09, 0.196825, -1.86265e-08)
bones/27/enabled = true
bones/27/position = Vector3(-2.79397e-09, 0.196825, -1.86265e-08)
bones/27/rotation = Quaternion(-0.570122, 0.0750975, -0.511298, 0.638667)
bones/27/scale = Vector3(1, 1, 1)
bones/28/name = "DEF_coxa_4_l"
bones/28/parent = 1
bones/28/rest = Transform3D(0.0161182, -0.80662, -0.590851, -0.714424, 0.404133, -0.571205, 0.699528, 0.431325, -0.569754, -0.0647476, 0.0516831, 0.0516149)
bones/28/enabled = true
bones/28/position = Vector3(-0.0647476, 0.0516831, 0.0516149)
bones/28/rotation = Quaternion(-0.447657, 0.808086, 0.0797732, -0.374481)
bones/28/scale = Vector3(1, 1, 1)
bones/29/name = "DEF_femur_4_l"
bones/29/parent = 28
bones/29/rest = Transform3D(0.665088, -0.745183, 0.0485714, 0.336498, 0.240995, -0.910325, 0.666653, 0.62179, 0.411035, 3.49246e-09, 0.0934361, 4.65661e-09)
bones/29/enabled = true
bones/29/position = Vector3(3.49246e-09, 0.0934361, 4.65661e-09)
bones/29/rotation = Quaternion(0.473776, -0.209044, 0.335001, 0.787154)
bones/29/scale = Vector3(1, 1, 1)
bones/30/name = "DEF_tibia_4_l"
bones/30/parent = 29
bones/30/rest = Transform3D(0.337331, 0.362807, 0.868665, -0.844318, -0.291493, 0.449621, 0.416335, -0.8851, 0.207995, -1.11759e-08, 0.196825, 1.49012e-08)
bones/30/enabled = true
bones/30/position = Vector3(-1.11759e-08, 0.196825, 1.49012e-08)
bones/30/rotation = Quaternion(-0.541779, 0.23271, -0.489181, 0.642669)
bones/30/scale = Vector3(1, 1, 1)
bones/31/name = "DEF_pedipalp_1_l"
bones/31/parent = 1
bones/31/rest = Transform3D(0.966345, 0.188577, -0.174975, 0.257021, -0.736463, 0.62575, -0.0108606, -0.649662, -0.760146, -0.0672003, -0.019133, 0.020345)
bones/31/enabled = true
bones/31/position = Vector3(-0.0672003, -0.019133, 0.020345)
bones/31/rotation = Quaternion(0.930451, 0.119726, -0.0499317, -0.342687)
bones/31/scale = Vector3(1, 1, 1)
bones/32/name = "DEF_pedipalp_2_l"
bones/32/parent = 31
bones/32/rest = Transform3D(0.962475, 0.193065, 0.190705, -0.217498, 0.128549, 0.967559, 0.162287, -0.972729, 0.165717, -8.84756e-09, 0.052924, 5.58794e-09)
bones/32/enabled = true
bones/32/position = Vector3(-8.84756e-09, 0.052924, 5.58794e-09)
bones/32/rotation = Quaternion(-0.645796, 0.00945841, -0.13665, 0.751123)
bones/32/scale = Vector3(1, 1, 1)
bones/33/name = "CTRL_pedipalp_IK_l"
bones/33/parent = 1
bones/33/rest = Transform3D(0.936517, -0.133448, 0.324233, -0.315114, -0.725847, 0.611432, 0.153749, -0.674787, -0.72182, -0.0405863, -0.0866494, 0.0145051)
bones/33/enabled = true
bones/33/position = Vector3(-0.0405863, -0.0866494, 0.0145051)
bones/33/rotation = Quaternion(0.919808, -0.121917, 0.129913, -0.349589)
bones/33/scale = Vector3(1, 1, 1)
bones/34/name = "DEF_pedipalp_3_l"
bones/34/parent = 33
bones/34/rest = Transform3D(0.633552, 0.595756, 0.493647, -0.488004, -0.18741, 0.852485, 0.600387, -0.780994, 0.171997, 3.72529e-09, 2.84053e-08, -8.3819e-09)
bones/34/enabled = true
bones/34/position = Vector3(3.72529e-09, 2.84053e-08, -8.3819e-09)
bones/34/rotation = Quaternion(-0.64206, -0.0419557, -0.425986, 0.636031)
bones/34/scale = Vector3(1, 1, 1)
bones/35/name = "DEF_chelicera_l"
bones/35/parent = 1
bones/35/rest = Transform3D(0.877704, 0.382115, 0.289179, 0.478631, -0.669545, -0.567998, -0.0234224, 0.636944, -0.770554, -0.0382576, -0.0594763, -0.0158481)
bones/35/enabled = true
bones/35/position = Vector3(-0.0382576, -0.0594763, -0.0158481)
bones/35/rotation = Quaternion(0.910742, 0.236276, 0.0729505, 0.330759)
bones/35/scale = Vector3(1, 1, 1)
bones/36/name = "CTRL_kneePivot_2_r"
bones/36/parent = 0
bones/36/rest = Transform3D(-0.490507, 0.598781, -0.633138, 0.496978, 0.789023, 0.361185, 0.715832, -0.137492, -0.684603, 0.315939, 0.228234, -0.0705063)
bones/36/enabled = true
bones/36/position = Vector3(0.33476, 0.230488, -0.104711)
bones/36/rotation = Quaternion(0.318226, 0.860833, 0.0649641, -0.391763)
bones/36/scale = Vector3(1, 1, 1)
bones/37/name = "CTRL_kneePivot_3_r"
bones/37/parent = 0
bones/37/rest = Transform3D(-0.56788, 0.612415, -0.549963, 0.396063, 0.789023, 0.469656, 0.721558, 0.0488876, -0.690626, 0.315663, 0.228234, 0.0238899)
bones/37/enabled = true
bones/37/position = Vector3(0.313366, 0.256562, 0.044814)
bones/37/rotation = Quaternion(0.288844, 0.872859, 0.148519, -0.364183)
bones/37/scale = Vector3(1, 1, 1)
bones/38/name = "CTRL_kneePivot_4_r"
bones/38/parent = 0
bones/38/rest = Transform3D(-0.654599, 0.573788, -0.492207, 0.2807, 0.789023, 0.546489, 0.701932, 0.219569, -0.677556, 0.293219, 0.228234, 0.115116)
bones/38/enabled = true
bones/38/position = Vector3(0.264411, 0.228926, 0.210417)
bones/38/rotation = Quaternion(0.241834, 0.883343, 0.216806, -0.33796)
bones/38/scale = Vector3(1, 1, 1)
bones/39/name = "CTRL_kneePivot_1_r"
bones/39/parent = 0
bones/39/rest = Transform3D(0.201798, 0.53797, 0.818453, -0.462281, 0.789023, -0.404646, -0.863466, -0.296698, 0.407917, 0.269266, 0.206497, -0.150249)
bones/39/enabled = true
bones/39/position = Vector3(0.170548, 0.216387, -0.270326)
bones/39/rotation = Quaternion(0.0348492, 0.54298, -0.322915, 0.774393)
bones/39/scale = Vector3(1, 1, 1)
bones/40/name = "CTRL_kneePivot_2_l"
bones/40/parent = 0
bones/40/rest = Transform3D(-0.490507, -0.598781, 0.633138, -0.496978, 0.789023, 0.361185, -0.715832, -0.137492, -0.684603, -0.315939, 0.228234, -0.0705063)
bones/40/enabled = true
bones/40/position = Vector3(-0.306227, 0.256031, -0.156671)
bones/40/rotation = Quaternion(-0.318226, 0.860833, 0.0649641, 0.391763)
bones/40/scale = Vector3(1, 1, 1)
bones/41/name = "CTRL_kneePivot_3_l"
bones/41/parent = 0
bones/41/rest = Transform3D(-0.56788, -0.612415, 0.549963, -0.396063, 0.789023, 0.469656, -0.721558, 0.0488876, -0.690626, -0.315663, 0.228234, 0.0238899)
bones/41/enabled = true
bones/41/position = Vector3(-0.304598, 0.232797, 0.0890122)
bones/41/rotation = Quaternion(-0.288844, 0.872859, 0.148519, 0.364183)
bones/41/scale = Vector3(1, 1, 1)
bones/42/name = "CTRL_kneePivot_4_l"
bones/42/parent = 0
bones/42/rest = Transform3D(-0.654599, -0.573788, 0.492207, -0.2807, 0.789023, 0.546489, -0.701932, 0.219569, -0.677556, -0.293219, 0.228234, 0.115116)
bones/42/enabled = true
bones/42/position = Vector3(-0.228303, 0.218711, 0.228326)
bones/42/rotation = Quaternion(-0.241834, 0.883343, 0.216807, 0.33796)
bones/42/scale = Vector3(1, 1, 1)
bones/43/name = "CTRL_kneePivot_1_l"
bones/43/parent = 0
bones/43/rest = Transform3D(0.201798, -0.53797, -0.818453, 0.462281, 0.789023, -0.404646, 0.863466, -0.296698, 0.407917, -0.269266, 0.206497, -0.150249)
bones/43/enabled = true
bones/43/position = Vector3(-0.176813, 0.202356, -0.261955)
bones/43/rotation = Quaternion(0.0348492, -0.54298, 0.322915, 0.774393)
bones/43/scale = Vector3(1, 1, 1)
bones/44/name = "DEF_abdomen"
bones/44/parent = 0
bones/44/rest = Transform3D(1, 1.33422e-18, 2.44661e-16, 2.44661e-16, -0.0109063, -0.999941, 1.33418e-18, 0.999941, -0.0109063, -8.4491e-18, 0.112028, 0.0874575)
bones/44/enabled = true
bones/44/position = Vector3(2.68462e-09, 0.117653, 0.0879164)
bones/44/rotation = Quaternion(0.713872, 9.31549e-17, 8.78894e-17, 0.700276)
bones/44/scale = Vector3(1, 1, 1)
bones/45/name = "CTRL_tibia_1_r.001"
bones/45/parent = 0
bones/45/rest = Transform3D(0.125713, 0.74658, -0.653311, 0.354487, 0.581255, 0.732449, 0.926572, -0.323668, -0.191581, 0.314128, 0.0709625, -0.163321)
bones/45/enabled = true
bones/45/position = Vector3(0.233101, 0.067559, -0.274844)
bones/45/rotation = Quaternion(-0.428964, -0.641702, -0.159257, 0.615505)
bones/45/scale = Vector3(1, 1, 1)
bones/46/name = "DEF_tarsus_1_r"
bones/46/parent = 45
bones/46/rest = Transform3D(0.764746, -0.548443, -0.338192, 0.45972, 0.0966681, 0.882787, -0.451466, -0.830582, 0.326056, 1.49012e-08, 1.11759e-08, -1.86265e-08)
bones/46/enabled = true
bones/46/position = Vector3(1.49012e-08, 1.11759e-08, -1.86265e-08)
bones/46/rotation = Quaternion(-0.579228, 0.0382936, 0.340823, 0.739505)
bones/46/scale = Vector3(1, 1, 1)
bones/47/name = "CTRL_tibia_2_r.001"
bones/47/parent = 0
bones/47/rest = Transform3D(0.136007, 0.806522, -0.575348, 0.472564, 0.457605, 0.75318, 0.870738, -0.374327, -0.318895, 0.34617, 0.0709625, -0.0669635)
bones/47/enabled = true
bones/47/position = Vector3(0.348331, 0.069814, -0.0971262)
bones/47/rotation = Quaternion(-0.499324, -0.640409, -0.147895, 0.564517)
bones/47/scale = Vector3(1, 1, 1)
bones/48/name = "DEF_tarsus_2_r"
bones/48/parent = 47
bones/48/rest = Transform3D(0.850878, -0.455073, -0.262516, 0.403742, 0.246692, 0.880986, -0.336153, -0.8556, 0.393637, -3.72529e-09, 2.23517e-08, 7.45058e-09)
bones/48/enabled = true
bones/48/position = Vector3(-3.72529e-09, 2.23517e-08, 7.45058e-09)
bones/48/rotation = Quaternion(-0.550125, 0.0233271, 0.27206, 0.789178)
bones/48/scale = Vector3(1, 1, 1)
bones/49/name = "CTRL_tibia_3_r"
bones/49/parent = 0
bones/49/rest = Transform3D(-0.192377, 0.930085, -0.312943, 0.670733, 0.357405, 0.649907, 0.716316, -0.0848736, -0.692595, 0.34343, 0.0709625, 0.0363577)
bones/49/enabled = true
bones/49/position = Vector3(0.352852, 0.0698535, 0.0631407)
bones/49/rotation = Quaternion(0.534512, 0.748728, 0.188664, -0.343669)
bones/49/scale = Vector3(1, 1, 1)
bones/50/name = "DEF_tarsus_3_r.001"
bones/50/parent = 49
bones/50/rest = Transform3D(0.716515, -0.640568, -0.276188, 0.594254, 0.353156, 0.722594, -0.365333, -0.681875, 0.633702, -2.79397e-09, 3.65544e-08, -3.72529e-09)
bones/50/enabled = true
bones/50/position = Vector3(-2.79397e-09, 3.65544e-08, -3.72529e-09)
bones/50/rotation = Quaternion(-0.4271, 0.0271092, 0.37551, 0.822097)
bones/50/scale = Vector3(1, 1, 1)
bones/51/name = "CTRL_tibia_4_r.001"
bones/51/parent = 0
bones/51/rest = Transform3D(-0.484189, 0.874542, 0.0271373, 0.777557, 0.415857, 0.471665, 0.401206, 0.249476, -0.88136, 0.316345, 0.0709625, 0.134907)
bones/51/enabled = true
bones/51/position = Vector3(0.28263, 0.0710903, 0.234841)
bones/51/rotation = Quaternion(0.495307, 0.833877, 0.216201, -0.112147)
bones/51/scale = Vector3(1, 1, 1)
bones/52/name = "DEF_tarsus_4_r"
bones/52/parent = 51
bones/52/rest = Transform3D(0.492586, -0.822878, -0.28325, 0.796012, 0.294475, 0.528819, -0.351744, -0.485959, 0.800075, 3.72529e-09, 0, 4.65661e-09)
bones/52/enabled = true
bones/52/position = Vector3(3.72529e-09, 0, 4.65661e-09)
bones/52/rotation = Quaternion(-0.315451, 0.0212918, 0.503243, 0.804229)
bones/52/scale = Vector3(1, 1, 1)
bones/53/name = "CTRL_tibia_1_l.001"
bones/53/parent = 0
bones/53/rest = Transform3D(0.125713, -0.74658, 0.653311, -0.354487, 0.581255, 0.732449, -0.926572, -0.323668, -0.191581, -0.314128, 0.0709625, -0.163321)
bones/53/enabled = true
bones/53/position = Vector3(-0.224753, 0.068129, -0.274469)
bones/53/rotation = Quaternion(-0.428964, 0.641702, 0.159257, 0.615505)
bones/53/scale = Vector3(1, 1, 1)
bones/54/name = "DEF_tarsus_1_l"
bones/54/parent = 53
bones/54/rest = Transform3D(0.764746, 0.548443, 0.338192, -0.45972, 0.0966681, 0.882787, 0.451466, -0.830582, 0.326056, -1.49012e-08, 1.11759e-08, -1.86265e-08)
bones/54/enabled = true
bones/54/position = Vector3(-1.49012e-08, 1.11759e-08, -1.86265e-08)
bones/54/rotation = Quaternion(-0.579228, -0.0382936, -0.340823, 0.739505)
bones/54/scale = Vector3(1, 1, 1)
bones/55/name = "CTRL_tibia_2_l.001"
bones/55/parent = 0
bones/55/rest = Transform3D(0.136007, -0.806522, 0.575348, -0.472564, 0.457605, 0.75318, -0.870738, -0.374327, -0.318895, -0.34617, 0.0709625, -0.0669635)
bones/55/enabled = true
bones/55/position = Vector3(-0.348741, 0.0724869, -0.131038)
bones/55/rotation = Quaternion(-0.499324, 0.640409, 0.147895, 0.564517)
bones/55/scale = Vector3(1, 1, 1)
bones/56/name = "DEF_tarsus_2_l"
bones/56/parent = 55
bones/56/rest = Transform3D(0.850878, 0.455073, 0.262516, -0.403742, 0.246692, 0.880986, 0.336153, -0.8556, 0.393637, 3.72529e-09, 2.23517e-08, 7.45058e-09)
bones/56/enabled = true
bones/56/position = Vector3(3.72529e-09, 2.23517e-08, 7.45058e-09)
bones/56/rotation = Quaternion(-0.550125, -0.0233271, -0.27206, 0.789178)
bones/56/scale = Vector3(1, 1, 1)
bones/57/name = "CTRL_tibia_4_l.001"
bones/57/parent = 0
bones/57/rest = Transform3D(-0.484189, -0.874542, -0.0271373, -0.777557, 0.415857, 0.471665, -0.401206, 0.249476, -0.88136, -0.316345, 0.0709625, 0.134907)
bones/57/enabled = true
bones/57/position = Vector3(-0.274746, 0.0692383, 0.238001)
bones/57/rotation = Quaternion(-0.495307, 0.833877, 0.216201, 0.112147)
bones/57/scale = Vector3(1, 1, 1)
bones/58/name = "DEF_tarsus_4_l"
bones/58/parent = 57
bones/58/rest = Transform3D(0.492586, 0.822878, 0.28325, -0.796012, 0.294475, 0.528819, 0.351744, -0.485959, 0.800075, -3.72529e-09, 0, 4.65661e-09)
bones/58/enabled = true
bones/58/position = Vector3(-3.72529e-09, 0, 4.65661e-09)
bones/58/rotation = Quaternion(-0.315451, -0.0212918, -0.503243, 0.804229)
bones/58/scale = Vector3(1, 1, 1)
bones/59/name = "CTRL_tibia_3_l"
bones/59/parent = 0
bones/59/rest = Transform3D(-0.192377, -0.930085, 0.312943, -0.670733, 0.357405, 0.649907, -0.716316, -0.0848736, -0.692595, -0.34343, 0.0709625, 0.0363577)
bones/59/enabled = true
bones/59/position = Vector3(-0.340798, 0.0727611, 0.101641)
bones/59/rotation = Quaternion(-0.534512, 0.748728, 0.188664, 0.343669)
bones/59/scale = Vector3(1, 1, 1)
bones/60/name = "DEF_tarsus_3_l.001"
bones/60/parent = 59
bones/60/rest = Transform3D(0.716515, 0.640568, 0.276188, -0.594254, 0.353156, 0.722594, 0.365333, -0.681875, 0.633702, 2.79397e-09, 3.65544e-08, -3.72529e-09)
bones/60/enabled = true
bones/60/position = Vector3(2.79397e-09, 3.65544e-08, -3.72529e-09)
bones/60/rotation = Quaternion(-0.4271, -0.0271092, -0.37551, 0.822097)
bones/60/scale = Vector3(1, 1, 1)

[node name="AnimationPlayer" type="AnimationPlayer" parent="ANIM_spider_withCTRLS"]
libraries = {
"Batch1": ExtResource("1_fx17u")
}
